Multiple size <= 100
TEST 1 ARG:74 39 65 41 89 23 87 78 55 51 6 34 50 72 53 7 42 33 1 2 19 54 90 81 48 37 47 5 40 21 12 24 73 97 68 45 91 9 99 15 82 35 80 32 98 62 44 69 30 79 64 36 60 14 43 13 77 38 4 59 0 10 22 18 3 85 67 63 94 75 46 16 71 25 11 31 61 8 92 58 70 26 56 76 95 66 17 29 88 93 52 96 86 83 28 84 27 20 49 57
TEST 1 ARG:74 39 65 41 89 23 87 78 55 51 6 34 50 72 53 7 42 33 1 2 19 54 90 81 48 37 47 5 40 21 12 24 73 97 68 45 91 9 99 15 82 35 80 32 98 62 44 69 30 79 64 36 60 14 43 13 77 38 4 59 0 10 22 18 3 85 67 63 94 75 46 16 71 25 11 31 61 8 92 58 70 26 56 76 95 66 17 29 88 93 52 96 86 83 28 84 27 20 49 57
TEST 2 ARG:22 49 23 27 9 82 51 85 47 12 41 34 54 46 14 16 63 2 78 86 0 64 59 40 91 20 96 97 21 81 13 88 94 7 43 95 90 32 83 42 89 36 60 61 98 66 29 35 93 18 74 11 84 65 39 4 52 25 31 67 19 6 15 17 72 68 1 80 87 57 33 75 71 56 48 69 76 99 44 70 5 62 53 92 3 38 26 79 24 58 8 30 73 28 55 77 37 50 10 45
TEST 2 ARG:22 49 23 27 9 82 51 85 47 12 41 34 54 46 14 16 63 2 78 86 0 64 59 40 91 20 96 97 21 81 13 88 94 7 43 95 90 32 83 42 89 36 60 61 98 66 29 35 93 18 74 11 84 65 39 4 52 25 31 67 19 6 15 17 72 68 1 80 87 57 33 75 71 56 48 69 76 99 44 70 5 62 53 92 3 38 26 79 24 58 8 30 73 28 55 77 37 50 10 45
TEST 3 ARG:25 53 91 59 32 21 41 88 57 43 38 70 73 93 3 39 62 98 36 52 17 84 92 89 48 31 87 8 74 47 33 12 86 29 18 66 68 35 34 45 56 4 77 67 54 13 9 81 20 44 96 11 0 95 99 50 75 2 27 37 83 79 85 49 55 90 24 7 58 82 61 71 14 94 1 30 80 63 6 5 28 16 72 97 42 40 60 23 19 15 76 10 22 26 69 64 51 78 46 65
TEST 3 ARG:25 53 91 59 32 21 41 88 57 43 38 70 73 93 3 39 62 98 36 52 17 84 92 89 48 31 87 8 74 47 33 12 86 29 18 66 68 35 34 45 56 4 77 67 54 13 9 81 20 44 96 11 0 95 99 50 75 2 27 37 83 79 85 49 55 90 24 7 58 82 61 71 14 94 1 30 80 63 6 5 28 16 72 97 42 40 60 23 19 15 76 10 22 26 69 64 51 78 46 65
TEST 4 ARG:83 57 7 82 11 33 4 9 42 14 98 99 89 66 1 85 72 30 64 49 76 84 80 36 17 6 60 22 47 43 62 95 90 73 20 92 2 12 86 50 91 0 23 41 38 77 35 81 78 58 28 79 61 31 59 97 88 48 71 69 55 63 16 94 54 70 51 44 27 5 39 26 18 93 19 10 24 75 74 68 52 3 32 8 15 65 87 56 53 13 21 37 29 40 34 67 45 46 96 25
TEST 4 ARG:83 57 7 82 11 33 4 9 42 14 98 99 89 66 1 85 72 30 64 49 76 84 80 36 17 6 60 22 47 43 62 95 90 73 20 92 2 12 86 50 91 0 23 41 38 77 35 81 78 58 28 79 61 31 59 97 88 48 71 69 55 63 16 94 54 70 51 44 27 5 39 26 18 93 19 10 24 75 74 68 52 3 32 8 15 65 87 56 53 13 21 37 29 40 34 67 45 46 96 25
TEST 5 ARG:39 53 58 1 4 84 82 90 12 74 76 69 44 35 78 50 71 51 10 20 0 27 21 85 57 13 28 22 59 42 88 36 62 9 6 86 97 11 37 70 7 94 25 83 29 95 41 60 43 77 33 98 34 92 16 89 3 55 61 46 26 17 96 45 24 99 79 49 2 8 81 75 14 66 93 23 65 63 56 73 18 40 68 91 87 5 52 48 80 38 64 30 31 19 72 47 54 32 67 15
TEST 5 ARG:39 53 58 1 4 84 82 90 12 74 76 69 44 35 78 50 71 51 10 20 0 27 21 85 57 13 28 22 59 42 88 36 62 9 6 86 97 11 37 70 7 94 25 83 29 95 41 60 43 77 33 98 34 92 16 89 3 55 61 46 26 17 96 45 24 99 79 49 2 8 81 75 14 66 93 23 65 63 56 73 18 40 68 91 87 5 52 48 80 38 64 30 31 19 72 47 54 32 67 15
TEST 6 ARG:20 79 44 37 72 18 56 57 96 99 92 42 33 61 80 87 91 86 3 7 45 35 81 71 9 95 17 13 24 52 55 12 10 4 8 77 21 68 27 41 63 69 32 51 26 65 11 19 29 70 82 1 94 46 6 89 25 60 53 49 31 38 59 66 74 47 48 22 76 50 2 78 73 75 15 16 14 67 83 28 39 64 58 54 85 23 40 97 84 5 98 90 36 34 43 93 62 0 30 88
TEST 6 ARG:20 79 44 37 72 18 56 57 96 99 92 42 33 61 80 87 91 86 3 7 45 35 81 71 9 95 17 13 24 52 55 12 10 4 8 77 21 68 27 41 63 69 32 51 26 65 11 19 29 70 82 1 94 46 6 89 25 60 53 49 31 38 59 66 74 47 48 22 76 50 2 78 73 75 15 16 14 67 83 28 39 64 58 54 85 23 40 97 84 5 98 90 36 34 43 93 62 0 30 88
TEST 7 ARG:99 43 7 84 9 87 2 91 0 69 62 47 64 81 57 13 39 40 33 98 75 15 38 93 68 74 37 80 59 19 94 54 67 28 32 22 1 61 92 26 88 95 18 35 24 14 97 65 58 72 76 12 21 48 85 17 50 89 3 49 55 11 41 31 78 51 82 30 10 34 73 36 25 5 44 8 23 27 70 53 4 71 16 46 96 86 77 66 60 29 42 90 52 79 45 56 63 20 83 6
TEST 7 ARG:99 43 7 84 9 87 2 91 0 69 62 47 64 81 57 13 39 40 33 98 75 15 38 93 68 74 37 80 59 19 94 54 67 28 32 22 1 61 92 26 88 95 18 35 24 14 97 65 58 72 76 12 21 48 85 17 50 89 3 49 55 11 41 31 78 51 82 30 10 34 73 36 25 5 44 8 23 27 70 53 4 71 16 46 96 86 77 66 60 29 42 90 52 79 45 56 63 20 83 6
TEST 8 ARG:29 12 33 51 6 68 89 7 73 56 34 63 13 76 61 83 97 47 95 45 9 85 72 20 54 25 58 36 65 70 43 49 75 48 8 74 41 91 90 44 62 38 39 19 23 5 77 98 10 78 60 57 4 55 87 15 17 92 0 79 94 42 21 86 1 18 2 24 80 40 67 81 46 35 11 53 64 37 71 26 22 27 50 96 66 28 31 32 14 30 99 93 88 59 16 52 82 3 69 84
TEST 8 ARG:29 12 33 51 6 68 89 7 73 56 34 63 13 76 61 83 97 47 95 45 9 85 72 20 54 25 58 36 65 70 43 49 75 48 8 74 41 91 90 44 62 38 39 19 23 5 77 98 10 78 60 57 4 55 87 15 17 92 0 79 94 42 21 86 1 18 2 24 80 40 67 81 46 35 11 53 64 37 71 26 22 27 50 96 66 28 31 32 14 30 99 93 88 59 16 52 82 3 69 84
TEST 9 ARG:51 12 64 75 70 89 7 63 87 19 97 28 0 44 33 59 47 92 82 17 60 11 9 86 8 10 36 78 25 57 4 88 99 98 52 15 95 49 6 40 38 56 54 23 1 37 26 43 22 72 91 50 65 29 24 35 61 21 69 77 80 32 55 94 90 34 41 62 48 30 73 2 76 3 71 42 93 58 5 18 20 39 13 67 84 68 45 81 66 83 16 74 27 53 46 85 31 96 79 14
TEST 9 ARG:51 12 64 75 70 89 7 63 87 19 97 28 0 44 33 59 47 92 82 17 60 11 9 86 8 10 36 78 25 57 4 88 99 98 52 15 95 49 6 40 38 56 54 23 1 37 26 43 22 72 91 50 65 29 24 35 61 21 69 77 80 32 55 94 90 34 41 62 48 30 73 2 76 3 71 42 93 58 5 18 20 39 13 67 84 68 45 81 66 83 16 74 27 53 46 85 31 96 79 14
TEST 10 ARG:81 0 35 52 68 2 23 82 22 51 43 93 77 58 96 24 17 16 63 19 12 41 62 11 34 5 76 66 90 88 91 94 83 42 29 60 6 65 20 78 10 53 14 98 36 18 31 50 84 59 95 48 44 61 92 1 99 67 47 45 70 4 46 38 49 79 8 74 75 87 69 73 3 54 71 72 64 25 32 26 15 33 21 9 37 85 27 39 86 30 13 97 55 7 28 80 40 56 89 57
TEST 10 ARG:81 0 35 52 68 2 23 82 22 51 43 93 77 58 96 24 17 16 63 19 12 41 62 11 34 5 76 66 90 88 91 94 83 42 29 60 6 65 20 78 10 53 14 98 36 18 31 50 84 59 95 48 44 61 92 1 99 67 47 45 70 4 46 38 49 79 8 74 75 87 69 73 3 54 71 72 64 25 32 26 15 33 21 9 37 85 27 39 86 30 13 97 55 7 28 80 40 56 89 57
TEST 11 ARG:13 0 82 91 33 2 39 18 76 22 94 69 81 67 5 79 34 14 95 37 46 23 93 6 68 57 64 41 63 25 83 62 90 98 9 47 72 45 8 28 4 44 24 51 86 74 52 77 40 48 12 70 21 54 75 56 96 80 85 27 1 35 19 17 11 32 31 78 43 97 36 53 99 73 55 61 65 92 50 38 60 30 71 3 87 7 29 59 49 20 26 88 84 15 66 89 10 42 58 16
TEST 11 ARG:13 0 82 91 33 2 39 18 76 22 94 69 81 67 5 79 34 14 95 37 46 23 93 6 68 57 64 41 63 25 83 62 90 98 9 47 72 45 8 28 4 44 24 51 86 74 52 77 40 48 12 70 21 54 75 56 96 80 85 27 1 35 19 17 11 32 31 78 43 97 36 53 99 73 55 61 65 92 50 38 60 30 71 3 87 7 29 59 49 20 26 88 84 15 66 89 10 42 58 16
TEST 12 ARG:1 65 29 97 55 36 30 14 11 58 6 61 48 66 86 3 17 88 13 0 8 96 76 33 90 43 18 54 22 5 84 68 7 42 12 21 19 91 69 56 87 57 95 10 77 41 78 89 85 79 94 81 70 16 80 32 74 98 82 23 15 40 47 99 93 83 53 4 38 75 51 34 60 59 37 35 62 20 28 9 52 64 73 27 45 2 46 63 31 71 49 92 39 50 26 25 24 72 67 44
TEST 12 ARG:1 65 29 97 55 36 30 14 11 58 6 61 48 66 86 3 17 88 13 0 8 96 76 33 90 43 18 54 22 5 84 68 7 42 12 21 19 91 69 56 87 57 95 10 77 41 78 89 85 79 94 81 70 16 80 32 74 98 82 23 15 40 47 99 93 83 53 4 38 75 51 34 60 59 37 35 62 20 28 9 52 64 73 27 45 2 46 63 31 71 49 92 39 50 26 25 24 72 67 44
TEST 13 ARG:26 79 14 82 38 13 37 6 60 5 47 83 12 93 85 2 56 70 45 76 57 43 19 64 9 49 27 28 0 91 48 17 68 61 55 3 94 11 44 34 62 30 63 86 65 8 87 15 92 81 77 21 41 46 16 74 1 75 23 88 73 51 84 33 90 22 36 25 99 7 89 97 20 98 50 29 31 58 69 59 71 18 42 67 66 32 52 24 39 4 78 10 53 80 72 35 40 96 95 54
TEST 13 ARG:26 79 14 82 38 13 37 6 60 5 47 83 12 93 85 2 56 70 45 76 57 43 19 64 9 49 27 28 0 91 48 17 68 61 55 3 94 11 44 34 62 30 63 86 65 8 87 15 92 81 77 21 41 46 16 74 1 75 23 88 73 51 84 33 90 22 36 25 99 7 89 97 20 98 50 29 31 58 69 59 71 18 42 67 66 32 52 24 39 4 78 10 53 80 72 35 40 96 95 54
TEST 14 ARG:7 29 16 38 23 9 60 57 34 17 73 49 86 75 52 70 64 82 84 54 53 68 63 90 28 48 35 1 33 66 80 24 98 41 99 56 11 42 61 78 93 26 31 36 92 79 21 10 65 89 96 95 15 2 32 62 47 37 46 94 18 58 69 6 55 20 45 14 43 4 71 74 22 76 85 72 77 3 12 51 0 5 40 91 97 27 87 39 25 50 30 81 83 44 59 13 67 88 19 8
TEST 14 ARG:7 29 16 38 23 9 60 57 34 17 73 49 86 75 52 70 64 82 84 54 53 68 63 90 28 48 35 1 33 66 80 24 98 41 99 56 11 42 61 78 93 26 31 36 92 79 21 10 65 89 96 95 15 2 32 62 47 37 46 94 18 58 69 6 55 20 45 14 43 4 71 74 22 76 85 72 77 3 12 51 0 5 40 91 97 27 87 39 25 50 30 81 83 44 59 13 67 88 19 8
TEST 15 ARG:75 99 18 57 2 33 94 79 80 31 60 21 85 73 34 54 77 95 74 87 86 61 5 23 83 16 11 43 12 69 56 3 92 76 30 8 17 9 29 4 89 50 53 1 39 35 93 98 67 42 51 82 13 32 45 71 66 55 62 36 6 84 97 58 96 24 10 22 59 27 81 25 64 72 0 37 70 20 7 90 14 41 65 88 52 44 28 91 63 15 68 38 19 48 78 47 46 40 49 26
TEST 15 ARG:75 99 18 57 2 33 94 79 80 31 60 21 85 73 34 54 77 95 74 87 86 61 5 23 83 16 11 43 12 69 56 3 92 76 30 8 17 9 29 4 89 50 53 1 39 35 93 98 67 42 51 82 13 32 45 71 66 55 62 36 6 84 97 58 96 24 10 22 59 27 81 25 64 72 0 37 70 20 7 90 14 41 65 88 52 44 28 91 63 15 68 38 19 48 78 47 46 40 49 26
TEST 16 ARG:48 69 32 67 36 95 71 40 87 7 54 41 11 52 85 38 75 14 51 26 56 19 18 82 1 72 94 88 84 21 35 46 39 98 29 44 49 81 47 2 12 74 80 27 4 13 59 6 24 37 22 3 23 70 77 91 64 30 16 42 83 34 73 63 79 43 53 15 92 65 57 50 45 96 60 97 90 58 55 28 5 78 20 61 99 89 76 8 62 0 31 68 66 93 25 9 86 33 10 17
TEST 16 ARG:48 69 32 67 36 95 71 40 87 7 54 41 11 52 85 38 75 14 51 26 56 19 18 82 1 72 94 88 84 21 35 46 39 98 29 44 49 81 47 2 12 74 80 27 4 13 59 6 24 37 22 3 23 70 77 91 64 30 16 42 83 34 73 63 79 43 53 15 92 65 57 50 45 96 60 97 90 58 55 28 5 78 20 61 99 89 76 8 62 0 31 68 66 93 25 9 86 33 10 17
TEST 17 ARG:53 55 12 90 21 28 79 66 19 95 57 30 32 35 1 6 84 13 99 76 70 96 77 51 97 45 43 33 3 58 59 14 60 74 82 68 80 38 31 27 69 73 92 94 65 4 78 2 18 20 40 87 61 29 16 47 75 41 11 83 72 46 23 93 24 10 50 44 88 26 56 62 42 8 0 81 34 54 39 67 63 49 89 36 22 91 86 37 71 15 64 17 98 85 25 48 9 5 7 52
TEST 17 ARG:53 55 12 90 21 28 79 66 19 95 57 30 32 35 1 6 84 13 99 76 70 96 77 51 97 45 43 33 3 58 59 14 60 74 82 68 80 38 31 27 69 73 92 94 65 4 78 2 18 20 40 87 61 29 16 47 75 41 11 83 72 46 23 93 24 10 50 44 88 26 56 62 42 8 0 81 34 54 39 67 63 49 89 36 22 91 86 37 71 15 64 17 98 85 25 48 9 5 7 52
TEST 18 ARG:15 58 40 66 70 94 98 16 41 36 88 54 46 77 91 30 10 61 12 89 11 83 32 24 86 5 42 78 1 99 21 82 20 50 63 39 27 13 69 68 65 2 14 72 22 34 49 6 56 59 3 35 9 47 75 60 81 8 53 26 90 48 55 79 37 74 45 93 57 43 52 71 31 80 95 85 84 51 4 76 73 18 23 17 87 62 0 38 92 64 44 25 33 97 7 28 19 67 96 29
TEST 18 ARG:15 58 40 66 70 94 98 16 41 36 88 54 46 77 91 30 10 61 12 89 11 83 32 24 86 5 42 78 1 99 21 82 20 50 63 39 27 13 69 68 65 2 14 72 22 34 49 6 56 59 3 35 9 47 75 60 81 8 53 26 90 48 55 79 37 74 45 93 57 43 52 71 31 80 95 85 84 51 4 76 73 18 23 17 87 62 0 38 92 64 44 25 33 97 7 28 19 67 96 29
TEST 19 ARG:60 79 71 82 96 22 80 88 54 4 43 55 45 32 15 49 59 90 29 75 68 67 62 65 10 17 6 48 5 57 34 56 85 74 26 16 95 39 40 7 28 97 78 9 98 11 84 38 70 18 61 81 47 2 66 23 25 36 3 35 24 94 76 93 14 37 27 33 86 89 72 8 58 50 42 31 19 73 41 12 1 63 83 30 92 20 99 44 77 69 46 52 21 53 0 13 91 87 51 64
TEST 19 ARG:60 79 71 82 96 22 80 88 54 4 43 55 45 32 15 49 59 90 29 75 68 67 62 65 10 17 6 48 5 57 34 56 85 74 26 16 95 39 40 7 28 97 78 9 98 11 84 38 70 18 61 81 47 2 66 23 25 36 3 35 24 94 76 93 14 37 27 33 86 89 72 8 58 50 42 31 19 73 41 12 1 63 83 30 92 20 99 44 77 69 46 52 21 53 0 13 91 87 51 64
TEST 20 ARG:90 79 14 47 44 7 59 42 80 58 41 55 54 74 36 34 25 82 72 84 87 78 33 53 49 23 92 81 13 76 69 21 12 0 89 60 93 11 35 57 99 15 63 46 45 56 97 70 24 40 20 29 31 19 30 1 91 75 22 48 71 39 5 66 96 16 27 73 3 94 32 2 67 68 62 98 61 85 77 64 38 9 26 18 95 88 65 83 86 37 43 10 4 52 51 6 17 8 28 50
TEST 20 ARG:90 79 14 47 44 7 59 42 80 58 41 55 54 74 36 34 25 82 72 84 87 78 33 53 49 23 92 81 13 76 69 21 12 0 89 60 93 11 35 57 99 15 63 46 45 56 97 70 24 40 20 29 31 19 30 1 91 75 22 48 71 39 5 66 96 16 27 73 3 94 32 2 67 68 62 98 61 85 77 64 38 9 26 18 95 88 65 83 86 37 43 10 4 52 51 6 17 8 28 50
TEST 21 ARG:52 41 25 87 49 14 22 89 99 57 80 88 31 21 79 98 0 58 23 59 9 55 56 60 36 8 83 24 67 95 32 94 12 3 33 27 96 78 10 73 28 65 18 1 15 7 48 90 75 62 93 16 68 2 70 30 71 39 42 20 81 86 35 47 43 11 61 17 63 50 85 77 72 92 40 91 74 6 44 37 66 45 4 97 54 46 13 84 34 38 82 53 19 51 64 26 5 29 69 76
TEST 21 ARG:52 41 25 87 49 14 22 89 99 57 80 88 31 21 79 98 0 58 23 59 9 55 56 60 36 8 83 24 67 95 32 94 12 3 33 27 96 78 10 73 28 65 18 1 15 7 48 90 75 62 93 16 68 2 70 30 71 39 42 20 81 86 35 47 43 11 61 17 63 50 85 77 72 92 40 91 74 6 44 37 66 45 4 97 54 46 13 84 34 38 82 53 19 51 64 26 5 29 69 76
TEST 22 ARG:18 61 3 48 99 64 62 35 43 71 6 97 49 76 26 1 8 65 74 50 10 60 42 80 94 89 55 15 34 93 30 24 69 57 47 78 37 29 23 13 75 46 73 72 45 95 28 96 66 51 52 12 21 88 4 27 84 31 81 41 77 32 40 87 11 70 2 56 85 38 92 91 82 7 58 14 9 67 39 59 33 25 79 63 36 22 16 53 86 54 98 19 17 83 90 0 68 44 20 5
TEST 22 ARG:18 61 3 48 99 64 62 35 43 71 6 97 49 76 26 1 8 65 74 50 10 60 42 80 94 89 55 15 34 93 30 24 69 57 47 78 37 29 23 13 75 46 73 72 45 95 28 96 66 51 52 12 21 88 4 27 84 31 81 41 77 32 40 87 11 70 2 56 85 38 92 91 82 7 58 14 9 67 39 59 33 25 79 63 36 22 16 53 86 54 98 19 17 83 90 0 68 44 20 5
TEST 23 ARG:18 85 58 44 51 86 22 93 84 57 13 17 47 49 88 6 72 48 43 8 98 5 45 63 11 16 31 68 64 53 34 19 52 62 67 27 92 23 61 60 96 36 97 42 75 74 99 20 69 59 65 81 26 9 2 1 78 24 90 71 80 82 76 56 15 33 0 25 35 87 30 94 29 12 21 54 38 41 83 46 40 7 77 32 66 91 10 14 79 50 55 39 95 28 4 70 3 37 73 89
TEST 23 ARG:18 85 58 44 51 86 22 93 84 57 13 17 47 49 88 6 72 48 43 8 98 5 45 63 11 16 31 68 64 53 34 19 52 62 67 27 92 23 61 60 96 36 97 42 75 74 99 20 69 59 65 81 26 9 2 1 78 24 90 71 80 82 76 56 15 33 0 25 35 87 30 94 29 12 21 54 38 41 83 46 40 7 77 32 66 91 10 14 79 50 55 39 95 28 4 70 3 37 73 89
